100
1184 10828
20605 13734
12439 27763
13387 17352
25915 18860
13472 3619
11283 25022
17858 32185
12077 2534
4827 22254
10409 6071
2463 31477
27511 20005
18734 23944
26976 8412
30780 732
23115 16854
18031 6612
26809 11564
7432 1653
1939 10028
17094 28826
21797 24749
30471 10984
12138 13727
18481 1541
23946 14822
10576 25605
29345 2153
2817 8229
19906 2149
31630 7868
23356 7432
4698 6510
31515 29499
10880 31651
12530 25023
12471 25399
216 3963
2169 6516
7601 21524
19556 6205
19631 1727
28128 28555
8728 12115
30722 7966
31561 19875
31152 14444
23035 11018
23302 23774
1221 27207
8697 27707
4322 18827
27194 30564
14645 19153
5213 19267
9866 13934
28731 10238
3359 11241
26261 30832
17251 13580
26106 7641
13821 3899
5866 9172
23824 7941
6971 28810
5821 16889
23740 17702
2794 29371
12057 8841
31810 29527
18686 26174
10877 29140
22655 13232
10722 23309
14008 32154
21514 20412
32432 17344
13798 28632
2948 22749
7940 28705
8641 17628
13837 11769
18449 5962
13971 13685
4890 15884
15369 28084
26787 13389
15891 24431
32248 7611
8705 18898
5520 8691
1429 31114
16366 7225
9997 5664
9157 29549
3677 22917
4447 11834
23485 26094
25919 6033
